[login2.jpg]
moddate=cc01ea4bf175d801
width=736
height=690
text=2;144;15;PKI-SEGURMATICA;Orangina Demo;0.479620,0.333333,0.055556,0.000000;v1,4294309365,4294309365,128.000000,1.000000,0.000000,1.000000,400,0,49152;;150;27;servicio de llave pública.;Calibri;0.518656,0.422131,0.044444,0.000000;v1,4294309365,4294309365,128.000000,1.000000,0.000000,1.000000,400,0,49152;;
textactive=1
