[login2.jpg]
moddate=cc01ea4bf175d801
width=736
height=690
text=2;144;15;PKI-SEGURMATICA;Orangina Demo;0.479620,0.333333,0.055556,0.000000;v1,4294309365,4294309365,128.000000,1.000000,0.000000,1.000000,400,0,49152;;150;27;servicio de llave pública.;Calibri;0.518656,0.422131,0.044444,0.000000;v1,4294309365,4294309365,128.000000,1.000000,0.000000,1.000000,400,0,49152;;
textactive=1
[login5.jpg]
moddate=2f4f6e665a76d801
width=717
height=831
text=2;142;12;PKI-REGISTRO;Segoe UI Black;0.064330,0.273857,0.061111,0.000000;v1,4292792167,4294309365,128.000000,1.000000,0.000000,1.000000,700,0,49152;;155;25;SERVICIO DE LLAVE PUBLICA;Segoe UI Black;0.063780,0.349538,0.027778,0.000000;v1,4292792167,4294309365,128.000000,1.000000,0.000000,1.000000,700,0,49152;;
textactive=1
